(kicad_pcb (version 20171130) (host pcbnew "(5.0.0)")

  (general
    (thickness 1.6)
    (drawings 9)
    (tracks 63)
    (zones 0)
    (modules 32)
    (nets 19)
  )

  (page A4)
  (layers
    (0 F.Cu signal)
    (31 B.Cu signal)
    (32 B.Adhes user)
    (33 F.Adhes user)
    (34 B.Paste user)
    (35 F.Paste user)
    (36 B.SilkS user)
    (37 F.SilkS user)
    (38 B.Mask user)
    (39 F.Mask user)
    (40 Dwgs.User user)
    (41 Cmts.User user)
    (42 Eco1.User user)
    (43 Eco2.User user)
    (44 Edge.Cuts user)
    (45 Margin user)
    (46 B.CrtYd user)
    (47 F.CrtYd user)
    (48 B.Fab user)
    (49 F.Fab user)
  )

  (setup
    (last_trace_width 0.508)
    (user_trace_width 0.254)
    (user_trace_width 0.508)
    (user_trace_width 0.762)
    (user_trace_width 1.27)
    (user_trace_width 2.54)
    (user_trace_width 3.81)
    (trace_clearance 0.2)
    (zone_clearance 0.25)
    (zone_45_only no)
    (trace_min 0.2)
    (segment_width 0.2)
    (edge_width 0.15)
    (via_size 0.8)
    (via_drill 0.4)
    (via_min_size 0.4)
    (via_min_drill 0.3)
    (uvia_size 0.3)
    (uvia_drill 0.1)
    (uvias_allowed no)
    (uvia_min_size 0.2)
    (uvia_min_drill 0.1)
    (pcb_text_width 0.3)
    (pcb_text_size 1.5 1.5)
    (mod_edge_width 0.15)
    (mod_text_size 1 1)
    (mod_text_width 0.15)
    (pad_size 2.1 1.4)
    (pad_drill 0)
    (pad_to_mask_clearance 0.2)
    (aux_axis_origin 0 0)
    (grid_origin 24.1 38.74)
    (visible_elements 7FFFFFFF)
    (pcbplotparams
      (layerselection 0x00000_7fffffff)
      (usegerberextensions false)
      (usegerberattributes false)
      (usegerberadvancedattributes false)
      (creategerberjobfile false)
      (excludeedgelayer false)
      (linewidth 0.050000)
      (plotframeref false)
      (viasonmask false)
      (mode 1)
      (useauxorigin false)
      (hpglpennumber 1)
      (hpglpenspeed 20)
      (hpglpendiameter 15.000000)
      (psnegative false)
      (psa4output false)
      (plotreference true)
      (plotvalue true)
      (plotinvisibletext false)
      (padsonsilk false)
      (subtractmaskfromsilk false)
      (outputformat 5)
      (mirror false)
      (drillshape 1)
      (scaleselection 1)
      (outputdirectory ""))
  )

  (net 0 "")
  (net 1 GND)
  (net 2 VCC)
  (net 3 "Net-(D1-Pad2)")
  (net 4 "Net-(D1-Pad4)")
  (net 5 "Net-(D2-Pad2)")
  (net 6 "Net-(D3-Pad2)")
  (net 7 "Net-(D4-Pad2)")
  (net 8 "Net-(D5-Pad2)")
  (net 9 "Net-(D6-Pad2)")
  (net 10 "Net-(D14-Pad2)")
  (net 11 "Net-(D7-Pad2)")
  (net 12 "Net-(D10-Pad4)")
  (net 13 "Net-(D10-Pad2)")
  (net 14 "Net-(D11-Pad2)")
  (net 15 "Net-(D12-Pad2)")
  (net 16 "Net-(D13-Pad2)")
  (net 17 "Net-(D15-Pad2)")
  (net 18 "Net-(D8-Pad2)")

  (net_class Default "This is the default net class."
    (clearance 0.2)
    (trace_width 0.25)
    (via_dia 0.8)
    (via_drill 0.4)
    (uvia_dia 0.3)
    (uvia_drill 0.1)
    (add_net GND)
    (add_net "Net-(D1-Pad2)")
    (add_net "Net-(D1-Pad4)")
    (add_net "Net-(D10-Pad2)")
    (add_net "Net-(D10-Pad4)")
    (add_net "Net-(D11-Pad2)")
    (add_net "Net-(D12-Pad2)")
    (add_net "Net-(D13-Pad2)")
    (add_net "Net-(D14-Pad2)")
    (add_net "Net-(D15-Pad2)")
    (add_net "Net-(D2-Pad2)")
    (add_net "Net-(D3-Pad2)")
    (add_net "Net-(D4-Pad2)")
    (add_net "Net-(D5-Pad2)")
    (add_net "Net-(D6-Pad2)")
    (add_net "Net-(D7-Pad2)")
    (add_net "Net-(D8-Pad2)")
    (add_net VCC)
  )

  (module "Sparkfun LEDs:WS2812B" (layer F.Cu) (tedit 5961BE0E) (tstamp 5B963447)
    (at 43.2 38.59 270)
    (descr WS2812B)
    (tags WS2812B)
    (path /5B7356F7)
    (attr smd)
    (fp_text reference D2 (at 0 -3.175 270) (layer F.SilkS)
      (effects (font (size 0.6096 0.6096) (thickness 0.127)))
    )
    (fp_text value WS2812B (at 0 3.302 270) (layer F.SilkS)
      (effects (font (size 0.6096 0.6096) (thickness 0.127)))
    )
    (fp_line (start 2.48666 2.63779) (end 2.43586 2.63779) (layer F.SilkS) (width 0.15))
    (fp_line (start 2.49936 2.49936) (end 2.49936 -2.49936) (layer Dwgs.User) (width 0.127))
    (fp_line (start 2.49936 -2.49936) (end -2.49936 -2.49936) (layer Dwgs.User) (width 0.127))
    (fp_line (start -2.49936 -2.49936) (end -2.49936 2.49936) (layer Dwgs.User) (width 0.127))
    (fp_line (start -2.49936 2.49936) (end 2.49936 2.49936) (layer Dwgs.User) (width 0.127))
    (fp_line (start 2.4892 2.35712) (end 2.4892 2.61112) (layer F.SilkS) (width 0.2032))
    (fp_line (start 2.4384 2.61112) (end -2.50952 2.61112) (layer F.SilkS) (width 0.2032))
    (fp_line (start -2.50952 2.61112) (end -2.50952 2.37998) (layer F.SilkS) (width 0.2032))
    (fp_line (start 2.50698 -2.31902) (end 2.50698 -2.58826) (layer F.SilkS) (width 0.2032))
    (fp_line (start 2.50698 -2.58826) (end 2.45618 -2.58826) (layer F.SilkS) (width 0.2032))
    (fp_line (start 2.45618 -2.58826) (end 2.45618 -2.59334) (layer F.SilkS) (width 0.2032))
    (fp_line (start 2.45618 -2.59334) (end -2.50698 -2.59334) (layer F.SilkS) (width 0.2032))
    (fp_line (start -2.50698 -2.59334) (end -2.50698 -2.36728) (layer F.SilkS) (width 0.2032))
    (fp_line (start 2.54 -0.889) (end 2.54 0.8128) (layer F.SilkS) (width 0.2032))
    (fp_line (start -2.54 0.8636) (end -2.54 0) (layer F.SilkS) (width 0.2032))
    (fp_line (start -2.54 0) (end -2.54 -0.8636) (layer F.SilkS) (width 0.2032))
    (fp_line (start -2.54 0) (end 0 -2.54) (layer F.SilkS) (width 0.2032))
    (fp_circle (center -2.8575 -2.8575) (end -2.8575 -3.0607) (layer F.SilkS) (width 0))
    (fp_circle (center -1.27 -1.905) (end -1.27 -2.1082) (layer Dwgs.User) (width 0))
    (fp_line (start 1.79832 3.20294) (end 1.79832 3.20294) (layer F.SilkS) (width 0.2032))
    (pad 1 smd rect (at 2.57556 1.59766 90) (size 1.651 0.99822) (layers F.Cu F.Paste F.Mask)
      (net 2 VCC) (solder_mask_margin 0.1016))
    (pad 2 smd rect (at 2.57556 -1.59766 90) (size 1.651 0.99822) (layers F.Cu F.Paste F.Mask)
      (net 5 "Net-(D2-Pad2)") (solder_mask_margin 0.1016))
    (pad 3 smd rect (at -2.57556 -1.59766 90) (size 1.651 0.99822) (layers F.Cu F.Paste F.Mask)
      (net 1 GND) (solder_mask_margin 0.1016))
    (pad 4 smd rect (at -2.57556 1.59766 90) (size 1.651 0.99822) (layers F.Cu F.Paste F.Mask)
      (net 3 "Net-(D1-Pad2)") (solder_mask_margin 0.1016))
  )

  (module "Sparkfun LEDs:WS2812B" (layer F.Cu) (tedit 5961BE0E) (tstamp 5B96342C)
    (at 43.2 47.04 270)
    (descr WS2812B)
    (tags WS2812B)
    (path /5B9B42B0)
    (attr smd)
    (fp_text reference D9 (at 0 -3.175 270) (layer F.SilkS)
      (effects (font (size 0.6096 0.6096) (thickness 0.127)))
    )
    (fp_text value WS2812B (at 0 3.302 270) (layer F.SilkS)
      (effects (font (size 0.6096 0.6096) (thickness 0.127)))
    )
    (fp_line (start 1.79832 3.20294) (end 1.79832 3.20294) (layer F.SilkS) (width 0.2032))
    (fp_circle (center -1.27 -1.905) (end -1.27 -2.1082) (layer Dwgs.User) (width 0))
    (fp_circle (center -2.8575 -2.8575) (end -2.8575 -3.0607) (layer F.SilkS) (width 0))
    (fp_line (start -2.54 0) (end 0 -2.54) (layer F.SilkS) (width 0.2032))
    (fp_line (start -2.54 0) (end -2.54 -0.8636) (layer F.SilkS) (width 0.2032))
    (fp_line (start -2.54 0.8636) (end -2.54 0) (layer F.SilkS) (width 0.2032))
    (fp_line (start 2.54 -0.889) (end 2.54 0.8128) (layer F.SilkS) (width 0.2032))
    (fp_line (start -2.50698 -2.59334) (end -2.50698 -2.36728) (layer F.SilkS) (width 0.2032))
    (fp_line (start 2.45618 -2.59334) (end -2.50698 -2.59334) (layer F.SilkS) (width 0.2032))
    (fp_line (start 2.45618 -2.58826) (end 2.45618 -2.59334) (layer F.SilkS) (width 0.2032))
    (fp_line (start 2.50698 -2.58826) (end 2.45618 -2.58826) (layer F.SilkS) (width 0.2032))
    (fp_line (start 2.50698 -2.31902) (end 2.50698 -2.58826) (layer F.SilkS) (width 0.2032))
    (fp_line (start -2.50952 2.61112) (end -2.50952 2.37998) (layer F.SilkS) (width 0.2032))
    (fp_line (start 2.4384 2.61112) (end -2.50952 2.61112) (layer F.SilkS) (width 0.2032))
    (fp_line (start 2.4892 2.35712) (end 2.4892 2.61112) (layer F.SilkS) (width 0.2032))
    (fp_line (start -2.49936 2.49936) (end 2.49936 2.49936) (layer Dwgs.User) (width 0.127))
    (fp_line (start -2.49936 -2.49936) (end -2.49936 2.49936) (layer Dwgs.User) (width 0.127))
    (fp_line (start 2.49936 -2.49936) (end -2.49936 -2.49936) (layer Dwgs.User) (width 0.127))
    (fp_line (start 2.49936 2.49936) (end 2.49936 -2.49936) (layer Dwgs.User) (width 0.127))
    (fp_line (start 2.48666 2.63779) (end 2.43586 2.63779) (layer F.SilkS) (width 0.15))
    (pad 4 smd rect (at -2.57556 1.59766 90) (size 1.651 0.99822) (layers F.Cu F.Paste F.Mask)
      (net 18 "Net-(D8-Pad2)") (solder_mask_margin 0.1016))
    (pad 3 smd rect (at -2.57556 -1.59766 90) (size 1.651 0.99822) (layers F.Cu F.Paste F.Mask)
      (net 1 GND) (solder_mask_margin 0.1016))
    (pad 2 smd rect (at 2.57556 -1.59766 90) (size 1.651 0.99822) (layers F.Cu F.Paste F.Mask)
      (net 12 "Net-(D10-Pad4)") (solder_mask_margin 0.1016))
    (pad 1 smd rect (at 2.57556 1.59766 90) (size 1.651 0.99822) (layers F.Cu F.Paste F.Mask)
      (net 2 VCC) (solder_mask_margin 0.1016))
  )

  (module "Sparkfun LEDs:WS2812B" (layer F.Cu) (tedit 5961BE0E) (tstamp 5B963411)
    (at 69.45 56.79 270)
    (descr WS2812B)
    (tags WS2812B)
    (path /5B9B7EE2)
    (attr smd)
    (fp_text reference D15 (at 0 -3.175 270) (layer F.SilkS)
      (effects (font (size 0.6096 0.6096) (thickness 0.127)))
    )
    (fp_text value WS2812B (at 0 3.302 270) (layer F.SilkS)
      (effects (font (size 0.6096 0.6096) (thickness 0.127)))
    )
    (fp_line (start 2.48666 2.63779) (end 2.43586 2.63779) (layer F.SilkS) (width 0.15))
    (fp_line (start 2.49936 2.49936) (end 2.49936 -2.49936) (layer Dwgs.User) (width 0.127))
    (fp_line (start 2.49936 -2.49936) (end -2.49936 -2.49936) (layer Dwgs.User) (width 0.127))
    (fp_line (start -2.49936 -2.49936) (end -2.49936 2.49936) (layer Dwgs.User) (width 0.127))
    (fp_line (start -2.49936 2.49936) (end 2.49936 2.49936) (layer Dwgs.User) (width 0.127))
    (fp_line (start 2.4892 2.35712) (end 2.4892 2.61112) (layer F.SilkS) (width 0.2032))
    (fp_line (start 2.4384 2.61112) (end -2.50952 2.61112) (layer F.SilkS) (width 0.2032))
    (fp_line (start -2.50952 2.61112) (end -2.50952 2.37998) (layer F.SilkS) (width 0.2032))
    (fp_line (start 2.50698 -2.31902) (end 2.50698 -2.58826) (layer F.SilkS) (width 0.2032))
    (fp_line (start 2.50698 -2.58826) (end 2.45618 -2.58826) (layer F.SilkS) (width 0.2032))
    (fp_line (start 2.45618 -2.58826) (end 2.45618 -2.59334) (layer F.SilkS) (width 0.2032))
    (fp_line (start 2.45618 -2.59334) (end -2.50698 -2.59334) (layer F.SilkS) (width 0.2032))
    (fp_line (start -2.50698 -2.59334) (end -2.50698 -2.36728) (layer F.SilkS) (width 0.2032))
    (fp_line (start 2.54 -0.889) (end 2.54 0.8128) (layer F.SilkS) (width 0.2032))
    (fp_line (start -2.54 0.8636) (end -2.54 0) (layer F.SilkS) (width 0.2032))
    (fp_line (start -2.54 0) (end -2.54 -0.8636) (layer F.SilkS) (width 0.2032))
    (fp_line (start -2.54 0) (end 0 -2.54) (layer F.SilkS) (width 0.2032))
    (fp_circle (center -2.8575 -2.8575) (end -2.8575 -3.0607) (layer F.SilkS) (width 0))
    (fp_circle (center -1.27 -1.905) (end -1.27 -2.1082) (layer Dwgs.User) (width 0))
    (fp_line (start 1.79832 3.20294) (end 1.79832 3.20294) (layer F.SilkS) (width 0.2032))
    (pad 1 smd rect (at 2.57556 1.59766 90) (size 1.651 0.99822) (layers F.Cu F.Paste F.Mask)
      (net 2 VCC) (solder_mask_margin 0.1016))
    (pad 2 smd rect (at 2.57556 -1.59766 90) (size 1.651 0.99822) (layers F.Cu F.Paste F.Mask)
      (net 17 "Net-(D15-Pad2)") (solder_mask_margin 0.1016))
    (pad 3 smd rect (at -2.57556 -1.59766 90) (size 1.651 0.99822) (layers F.Cu F.Paste F.Mask)
      (net 1 GND) (solder_mask_margin 0.1016))
    (pad 4 smd rect (at -2.57556 1.59766 90) (size 1.651 0.99822) (layers F.Cu F.Paste F.Mask)
      (net 10 "Net-(D14-Pad2)") (solder_mask_margin 0.1016))
  )

  (module "Sparkfun LEDs:WS2812B" (layer F.Cu) (tedit 5961BE0E) (tstamp 5B9633F6)
    (at 60.7 56.79 270)
    (descr WS2812B)
    (tags WS2812B)
    (path /5B9B7EEA)
    (attr smd)
    (fp_text reference D14 (at 0 -3.175 270) (layer F.SilkS)
      (effects (font (size 0.6096 0.6096) (thickness 0.127)))
    )
    (fp_text value WS2812B (at 0 3.302 270) (layer F.SilkS)
      (effects (font (size 0.6096 0.6096) (thickness 0.127)))
    )
    (fp_line (start 1.79832 3.20294) (end 1.79832 3.20294) (layer F.SilkS) (width 0.2032))
    (fp_circle (center -1.27 -1.905) (end -1.27 -2.1082) (layer Dwgs.User) (width 0))
    (fp_circle (center -2.8575 -2.8575) (end -2.8575 -3.0607) (layer F.SilkS) (width 0))
    (fp_line (start -2.54 0) (end 0 -2.54) (layer F.SilkS) (width 0.2032))
    (fp_line (start -2.54 0) (end -2.54 -0.8636) (layer F.SilkS) (width 0.2032))
    (fp_line (start -2.54 0.8636) (end -2.54 0) (layer F.SilkS) (width 0.2032))
    (fp_line (start 2.54 -0.889) (end 2.54 0.8128) (layer F.SilkS) (width 0.2032))
    (fp_line (start -2.50698 -2.59334) (end -2.50698 -2.36728) (layer F.SilkS) (width 0.2032))
    (fp_line (start 2.45618 -2.59334) (end -2.50698 -2.59334) (layer F.SilkS) (width 0.2032))
    (fp_line (start 2.45618 -2.58826) (end 2.45618 -2.59334) (layer F.SilkS) (width 0.2032))
    (fp_line (start 2.50698 -2.58826) (end 2.45618 -2.58826) (layer F.SilkS) (width 0.2032))
    (fp_line (start 2.50698 -2.31902) (end 2.50698 -2.58826) (layer F.SilkS) (width 0.2032))
    (fp_line (start -2.50952 2.61112) (end -2.50952 2.37998) (layer F.SilkS) (width 0.2032))
    (fp_line (start 2.4384 2.61112) (end -2.50952 2.61112) (layer F.SilkS) (width 0.2032))
    (fp_line (start 2.4892 2.35712) (end 2.4892 2.61112) (layer F.SilkS) (width 0.2032))
    (fp_line (start -2.49936 2.49936) (end 2.49936 2.49936) (layer Dwgs.User) (width 0.127))
    (fp_line (start -2.49936 -2.49936) (end -2.49936 2.49936) (layer Dwgs.User) (width 0.127))
    (fp_line (start 2.49936 -2.49936) (end -2.49936 -2.49936) (layer Dwgs.User) (width 0.127))
    (fp_line (start 2.49936 2.49936) (end 2.49936 -2.49936) (layer Dwgs.User) (width 0.127))
    (fp_line (start 2.48666 2.63779) (end 2.43586 2.63779) (layer F.SilkS) (width 0.15))
    (pad 4 smd rect (at -2.57556 1.59766 90) (size 1.651 0.99822) (layers F.Cu F.Paste F.Mask)
      (net 16 "Net-(D13-Pad2)") (solder_mask_margin 0.1016))
    (pad 3 smd rect (at -2.57556 -1.59766 90) (size 1.651 0.99822) (layers F.Cu F.Paste F.Mask)
      (net 1 GND) (solder_mask_margin 0.1016))
    (pad 2 smd rect (at 2.57556 -1.59766 90) (size 1.651 0.99822) (layers F.Cu F.Paste F.Mask)
      (net 10 "Net-(D14-Pad2)") (solder_mask_margin 0.1016))
    (pad 1 smd rect (at 2.57556 1.59766 90) (size 1.651 0.99822) (layers F.Cu F.Paste F.Mask)
      (net 2 VCC) (solder_mask_margin 0.1016))
  )

  (module "Sparkfun LEDs:WS2812B" (layer F.Cu) (tedit 5961BE0E) (tstamp 5B9633DB)
    (at 51.95 56.79 270)
    (descr WS2812B)
    (tags WS2812B)
    (path /5B9B7E9F)
    (attr smd)
    (fp_text reference D13 (at 0 -3.175 270) (layer F.SilkS)
      (effects (font (size 0.6096 0.6096) (thickness 0.127)))
    )
    (fp_text value WS2812B (at 0 3.302 270) (layer F.SilkS)
      (effects (font (size 0.6096 0.6096) (thickness 0.127)))
    )
    (fp_line (start 2.48666 2.63779) (end 2.43586 2.63779) (layer F.SilkS) (width 0.15))
    (fp_line (start 2.49936 2.49936) (end 2.49936 -2.49936) (layer Dwgs.User) (width 0.127))
    (fp_line (start 2.49936 -2.49936) (end -2.49936 -2.49936) (layer Dwgs.User) (width 0.127))
    (fp_line (start -2.49936 -2.49936) (end -2.49936 2.49936) (layer Dwgs.User) (width 0.127))
    (fp_line (start -2.49936 2.49936) (end 2.49936 2.49936) (layer Dwgs.User) (width 0.127))
    (fp_line (start 2.4892 2.35712) (end 2.4892 2.61112) (layer F.SilkS) (width 0.2032))
    (fp_line (start 2.4384 2.61112) (end -2.50952 2.61112) (layer F.SilkS) (width 0.2032))
    (fp_line (start -2.50952 2.61112) (end -2.50952 2.37998) (layer F.SilkS) (width 0.2032))
    (fp_line (start 2.50698 -2.31902) (end 2.50698 -2.58826) (layer F.SilkS) (width 0.2032))
    (fp_line (start 2.50698 -2.58826) (end 2.45618 -2.58826) (layer F.SilkS) (width 0.2032))
    (fp_line (start 2.45618 -2.58826) (end 2.45618 -2.59334) (layer F.SilkS) (width 0.2032))
    (fp_line (start 2.45618 -2.59334) (end -2.50698 -2.59334) (layer F.SilkS) (width 0.2032))
    (fp_line (start -2.50698 -2.59334) (end -2.50698 -2.36728) (layer F.SilkS) (width 0.2032))
    (fp_line (start 2.54 -0.889) (end 2.54 0.8128) (layer F.SilkS) (width 0.2032))
    (fp_line (start -2.54 0.8636) (end -2.54 0) (layer F.SilkS) (width 0.2032))
    (fp_line (start -2.54 0) (end -2.54 -0.8636) (layer F.SilkS) (width 0.2032))
    (fp_line (start -2.54 0) (end 0 -2.54) (layer F.SilkS) (width 0.2032))
    (fp_circle (center -2.8575 -2.8575) (end -2.8575 -3.0607) (layer F.SilkS) (width 0))
    (fp_circle (center -1.27 -1.905) (end -1.27 -2.1082) (layer Dwgs.User) (width 0))
    (fp_line (start 1.79832 3.20294) (end 1.79832 3.20294) (layer F.SilkS) (width 0.2032))
    (pad 1 smd rect (at 2.57556 1.59766 90) (size 1.651 0.99822) (layers F.Cu F.Paste F.Mask)
      (net 2 VCC) (solder_mask_margin 0.1016))
    (pad 2 smd rect (at 2.57556 -1.59766 90) (size 1.651 0.99822) (layers F.Cu F.Paste F.Mask)
      (net 16 "Net-(D13-Pad2)") (solder_mask_margin 0.1016))
    (pad 3 smd rect (at -2.57556 -1.59766 90) (size 1.651 0.99822) (layers F.Cu F.Paste F.Mask)
      (net 1 GND) (solder_mask_margin 0.1016))
    (pad 4 smd rect (at -2.57556 1.59766 90) (size 1.651 0.99822) (layers F.Cu F.Paste F.Mask)
      (net 15 "Net-(D12-Pad2)") (solder_mask_margin 0.1016))
  )

  (module "Sparkfun LEDs:WS2812B" (layer F.Cu) (tedit 5961BE0E) (tstamp 5B9633C0)
    (at 43.2 56.79 270)
    (descr WS2812B)
    (tags WS2812B)
    (path /5B9B7E97)
    (attr smd)
    (fp_text reference D12 (at 0 -3.175 270) (layer F.SilkS)
      (effects (font (size 0.6096 0.6096) (thickness 0.127)))
    )
    (fp_text value WS2812B (at 0 3.302 270) (layer F.SilkS)
      (effects (font (size 0.6096 0.6096) (thickness 0.127)))
    )
    (fp_line (start 1.79832 3.20294) (end 1.79832 3.20294) (layer F.SilkS) (width 0.2032))
    (fp_circle (center -1.27 -1.905) (end -1.27 -2.1082) (layer Dwgs.User) (width 0))
    (fp_circle (center -2.8575 -2.8575) (end -2.8575 -3.0607) (layer F.SilkS) (width 0))
    (fp_line (start -2.54 0) (end 0 -2.54) (layer F.SilkS) (width 0.2032))
    (fp_line (start -2.54 0) (end -2.54 -0.8636) (layer F.SilkS) (width 0.2032))
    (fp_line (start -2.54 0.8636) (end -2.54 0) (layer F.SilkS) (width 0.2032))
    (fp_line (start 2.54 -0.889) (end 2.54 0.8128) (layer F.SilkS) (width 0.2032))
    (fp_line (start -2.50698 -2.59334) (end -2.50698 -2.36728) (layer F.SilkS) (width 0.2032))
    (fp_line (start 2.45618 -2.59334) (end -2.50698 -2.59334) (layer F.SilkS) (width 0.2032))
    (fp_line (start 2.45618 -2.58826) (end 2.45618 -2.59334) (layer F.SilkS) (width 0.2032))
    (fp_line (start 2.50698 -2.58826) (end 2.45618 -2.58826) (layer F.SilkS) (width 0.2032))
    (fp_line (start 2.50698 -2.31902) (end 2.50698 -2.58826) (layer F.SilkS) (width 0.2032))
    (fp_line (start -2.50952 2.61112) (end -2.50952 2.37998) (layer F.SilkS) (width 0.2032))
    (fp_line (start 2.4384 2.61112) (end -2.50952 2.61112) (layer F.SilkS) (width 0.2032))
    (fp_line (start 2.4892 2.35712) (end 2.4892 2.61112) (layer F.SilkS) (width 0.2032))
    (fp_line (start -2.49936 2.49936) (end 2.49936 2.49936) (layer Dwgs.User) (width 0.127))
    (fp_line (start -2.49936 -2.49936) (end -2.49936 2.49936) (layer Dwgs.User) (width 0.127))
    (fp_line (start 2.49936 -2.49936) (end -2.49936 -2.49936) (layer Dwgs.User) (width 0.127))
    (fp_line (start 2.49936 2.49936) (end 2.49936 -2.49936) (layer Dwgs.User) (width 0.127))
    (fp_line (start 2.48666 2.63779) (end 2.43586 2.63779) (layer F.SilkS) (width 0.15))
    (pad 4 smd rect (at -2.57556 1.59766 90) (size 1.651 0.99822) (layers F.Cu F.Paste F.Mask)
      (net 14 "Net-(D11-Pad2)") (solder_mask_margin 0.1016))
    (pad 3 smd rect (at -2.57556 -1.59766 90) (size 1.651 0.99822) (layers F.Cu F.Paste F.Mask)
      (net 1 GND) (solder_mask_margin 0.1016))
    (pad 2 smd rect (at 2.57556 -1.59766 90) (size 1.651 0.99822) (layers F.Cu F.Paste F.Mask)
      (net 15 "Net-(D12-Pad2)") (solder_mask_margin 0.1016))
    (pad 1 smd rect (at 2.57556 1.59766 90) (size 1.651 0.99822) (layers F.Cu F.Paste F.Mask)
      (net 2 VCC) (solder_mask_margin 0.1016))
  )

  (module "Sparkfun LEDs:WS2812B" (layer F.Cu) (tedit 5961BE0E) (tstamp 5B9633A5)
    (at 34.45 56.79 270)
    (descr WS2812B)
    (tags WS2812B)
    (path /5B9B7E8F)
    (attr smd)
    (fp_text reference D11 (at 0 -3.175 270) (layer F.SilkS)
      (effects (font (size 0.6096 0.6096) (thickness 0.127)))
    )
    (fp_text value WS2812B (at 0 3.302 270) (layer F.SilkS)
      (effects (font (size 0.6096 0.6096) (thickness 0.127)))
    )
    (fp_line (start 2.48666 2.63779) (end 2.43586 2.63779) (layer F.SilkS) (width 0.15))
    (fp_line (start 2.49936 2.49936) (end 2.49936 -2.49936) (layer Dwgs.User) (width 0.127))
    (fp_line (start 2.49936 -2.49936) (end -2.49936 -2.49936) (layer Dwgs.User) (width 0.127))
    (fp_line (start -2.49936 -2.49936) (end -2.49936 2.49936) (layer Dwgs.User) (width 0.127))
    (fp_line (start -2.49936 2.49936) (end 2.49936 2.49936) (layer Dwgs.User) (width 0.127))
    (fp_line (start 2.4892 2.35712) (end 2.4892 2.61112) (layer F.SilkS) (width 0.2032))
    (fp_line (start 2.4384 2.61112) (end -2.50952 2.61112) (layer F.SilkS) (width 0.2032))
    (fp_line (start -2.50952 2.61112) (end -2.50952 2.37998) (layer F.SilkS) (width 0.2032))
    (fp_line (start 2.50698 -2.31902) (end 2.50698 -2.58826) (layer F.SilkS) (width 0.2032))
    (fp_line (start 2.50698 -2.58826) (end 2.45618 -2.58826) (layer F.SilkS) (width 0.2032))
    (fp_line (start 2.45618 -2.58826) (end 2.45618 -2.59334) (layer F.SilkS) (width 0.2032))
    (fp_line (start 2.45618 -2.59334) (end -2.50698 -2.59334) (layer F.SilkS) (width 0.2032))
    (fp_line (start -2.50698 -2.59334) (end -2.50698 -2.36728) (layer F.SilkS) (width 0.2032))
    (fp_line (start 2.54 -0.889) (end 2.54 0.8128) (layer F.SilkS) (width 0.2032))
    (fp_line (start -2.54 0.8636) (end -2.54 0) (layer F.SilkS) (width 0.2032))
    (fp_line (start -2.54 0) (end -2.54 -0.8636) (layer F.SilkS) (width 0.2032))
    (fp_line (start -2.54 0) (end 0 -2.54) (layer F.SilkS) (width 0.2032))
    (fp_circle (center -2.8575 -2.8575) (end -2.8575 -3.0607) (layer F.SilkS) (width 0))
    (fp_circle (center -1.27 -1.905) (end -1.27 -2.1082) (layer Dwgs.User) (width 0))
    (fp_line (start 1.79832 3.20294) (end 1.79832 3.20294) (layer F.SilkS) (width 0.2032))
    (pad 1 smd rect (at 2.57556 1.59766 90) (size 1.651 0.99822) (layers F.Cu F.Paste F.Mask)
      (net 2 VCC) (solder_mask_margin 0.1016))
    (pad 2 smd rect (at 2.57556 -1.59766 90) (size 1.651 0.99822) (layers F.Cu F.Paste F.Mask)
      (net 14 "Net-(D11-Pad2)") (solder_mask_margin 0.1016))
    (pad 3 smd rect (at -2.57556 -1.59766 90) (size 1.651 0.99822) (layers F.Cu F.Paste F.Mask)
      (net 1 GND) (solder_mask_margin 0.1016))
    (pad 4 smd rect (at -2.57556 1.59766 90) (size 1.651 0.99822) (layers F.Cu F.Paste F.Mask)
      (net 13 "Net-(D10-Pad2)") (solder_mask_margin 0.1016))
  )

  (module "Sparkfun LEDs:WS2812B" (layer F.Cu) (tedit 5961BE0E) (tstamp 5B96338A)
    (at 34.45 47.04 270)
    (descr WS2812B)
    (tags WS2812B)
    (path /5B9B42A8)
    (attr smd)
    (fp_text reference D10 (at 0 -3.175 270) (layer F.SilkS)
      (effects (font (size 0.6096 0.6096) (thickness 0.127)))
    )
    (fp_text value WS2812B (at 0 3.302 270) (layer F.SilkS)
      (effects (font (size 0.6096 0.6096) (thickness 0.127)))
    )
    (fp_line (start 1.79832 3.20294) (end 1.79832 3.20294) (layer F.SilkS) (width 0.2032))
    (fp_circle (center -1.27 -1.905) (end -1.27 -2.1082) (layer Dwgs.User) (width 0))
    (fp_circle (center -2.8575 -2.8575) (end -2.8575 -3.0607) (layer F.SilkS) (width 0))
    (fp_line (start -2.54 0) (end 0 -2.54) (layer F.SilkS) (width 0.2032))
    (fp_line (start -2.54 0) (end -2.54 -0.8636) (layer F.SilkS) (width 0.2032))
    (fp_line (start -2.54 0.8636) (end -2.54 0) (layer F.SilkS) (width 0.2032))
    (fp_line (start 2.54 -0.889) (end 2.54 0.8128) (layer F.SilkS) (width 0.2032))
    (fp_line (start -2.50698 -2.59334) (end -2.50698 -2.36728) (layer F.SilkS) (width 0.2032))
    (fp_line (start 2.45618 -2.59334) (end -2.50698 -2.59334) (layer F.SilkS) (width 0.2032))
    (fp_line (start 2.45618 -2.58826) (end 2.45618 -2.59334) (layer F.SilkS) (width 0.2032))
    (fp_line (start 2.50698 -2.58826) (end 2.45618 -2.58826) (layer F.SilkS) (width 0.2032))
    (fp_line (start 2.50698 -2.31902) (end 2.50698 -2.58826) (layer F.SilkS) (width 0.2032))
    (fp_line (start -2.50952 2.61112) (end -2.50952 2.37998) (layer F.SilkS) (width 0.2032))
    (fp_line (start 2.4384 2.61112) (end -2.50952 2.61112) (layer F.SilkS) (width 0.2032))
    (fp_line (start 2.4892 2.35712) (end 2.4892 2.61112) (layer F.SilkS) (width 0.2032))
    (fp_line (start -2.49936 2.49936) (end 2.49936 2.49936) (layer Dwgs.User) (width 0.127))
    (fp_line (start -2.49936 -2.49936) (end -2.49936 2.49936) (layer Dwgs.User) (width 0.127))
    (fp_line (start 2.49936 -2.49936) (end -2.49936 -2.49936) (layer Dwgs.User) (width 0.127))
    (fp_line (start 2.49936 2.49936) (end 2.49936 -2.49936) (layer Dwgs.User) (width 0.127))
    (fp_line (start 2.48666 2.63779) (end 2.43586 2.63779) (layer F.SilkS) (width 0.15))
    (pad 4 smd rect (at -2.57556 1.59766 90) (size 1.651 0.99822) (layers F.Cu F.Paste F.Mask)
      (net 12 "Net-(D10-Pad4)") (solder_mask_margin 0.1016))
    (pad 3 smd rect (at -2.57556 -1.59766 90) (size 1.651 0.99822) (layers F.Cu F.Paste F.Mask)
      (net 1 GND) (solder_mask_margin 0.1016))
    (pad 2 smd rect (at 2.57556 -1.59766 90) (size 1.651 0.99822) (layers F.Cu F.Paste F.Mask)
      (net 13 "Net-(D10-Pad2)") (solder_mask_margin 0.1016))
    (pad 1 smd rect (at 2.57556 1.59766 90) (size 1.651 0.99822) (layers F.Cu F.Paste F.Mask)
      (net 2 VCC) (solder_mask_margin 0.1016))
  )

  (module "Sparkfun LEDs:WS2812B" (layer F.Cu) (tedit 5961BE0E) (tstamp 5B96336F)
    (at 51.95 47.04 270)
    (descr WS2812B)
    (tags WS2812B)
    (path /5B9B4265)
    (attr smd)
    (fp_text reference D8 (at 0 -3.175 270) (layer F.SilkS)
      (effects (font (size 0.6096 0.6096) (thickness 0.127)))
    )
    (fp_text value WS2812B (at 0 3.302 270) (layer F.SilkS)
      (effects (font (size 0.6096 0.6096) (thickness 0.127)))
    )
    (fp_line (start 2.48666 2.63779) (end 2.43586 2.63779) (layer F.SilkS) (width 0.15))
    (fp_line (start 2.49936 2.49936) (end 2.49936 -2.49936) (layer Dwgs.User) (width 0.127))
    (fp_line (start 2.49936 -2.49936) (end -2.49936 -2.49936) (layer Dwgs.User) (width 0.127))
    (fp_line (start -2.49936 -2.49936) (end -2.49936 2.49936) (layer Dwgs.User) (width 0.127))
    (fp_line (start -2.49936 2.49936) (end 2.49936 2.49936) (layer Dwgs.User) (width 0.127))
    (fp_line (start 2.4892 2.35712) (end 2.4892 2.61112) (layer F.SilkS) (width 0.2032))
    (fp_line (start 2.4384 2.61112) (end -2.50952 2.61112) (layer F.SilkS) (width 0.2032))
    (fp_line (start -2.50952 2.61112) (end -2.50952 2.37998) (layer F.SilkS) (width 0.2032))
    (fp_line (start 2.50698 -2.31902) (end 2.50698 -2.58826) (layer F.SilkS) (width 0.2032))
    (fp_line (start 2.50698 -2.58826) (end 2.45618 -2.58826) (layer F.SilkS) (width 0.2032))
    (fp_line (start 2.45618 -2.58826) (end 2.45618 -2.59334) (layer F.SilkS) (width 0.2032))
    (fp_line (start 2.45618 -2.59334) (end -2.50698 -2.59334) (layer F.SilkS) (width 0.2032))
    (fp_line (start -2.50698 -2.59334) (end -2.50698 -2.36728) (layer F.SilkS) (width 0.2032))
    (fp_line (start 2.54 -0.889) (end 2.54 0.8128) (layer F.SilkS) (width 0.2032))
    (fp_line (start -2.54 0.8636) (end -2.54 0) (layer F.SilkS) (width 0.2032))
    (fp_line (start -2.54 0) (end -2.54 -0.8636) (layer F.SilkS) (width 0.2032))
    (fp_line (start -2.54 0) (end 0 -2.54) (layer F.SilkS) (width 0.2032))
    (fp_circle (center -2.8575 -2.8575) (end -2.8575 -3.0607) (layer F.SilkS) (width 0))
    (fp_circle (center -1.27 -1.905) (end -1.27 -2.1082) (layer Dwgs.User) (width 0))
    (fp_line (start 1.79832 3.20294) (end 1.79832 3.20294) (layer F.SilkS) (width 0.2032))
    (pad 1 smd rect (at 2.57556 1.59766 90) (size 1.651 0.99822) (layers F.Cu F.Paste F.Mask)
      (net 2 VCC) (solder_mask_margin 0.1016))
    (pad 2 smd rect (at 2.57556 -1.59766 90) (size 1.651 0.99822) (layers F.Cu F.Paste F.Mask)
      (net 18 "Net-(D8-Pad2)") (solder_mask_margin 0.1016))
    (pad 3 smd rect (at -2.57556 -1.59766 90) (size 1.651 0.99822) (layers F.Cu F.Paste F.Mask)
      (net 1 GND) (solder_mask_margin 0.1016))
    (pad 4 smd rect (at -2.57556 1.59766 90) (size 1.651 0.99822) (layers F.Cu F.Paste F.Mask)
      (net 11 "Net-(D7-Pad2)") (solder_mask_margin 0.1016))
  )

  (module "Sparkfun LEDs:WS2812B" (layer F.Cu) (tedit 5961BE0E) (tstamp 5B963354)
    (at 60.7 47.04 270)
    (descr WS2812B)
    (tags WS2812B)
    (path /5B9B425D)
    (attr smd)
    (fp_text reference D7 (at 0 -3.175 270) (layer F.SilkS)
      (effects (font (size 0.6096 0.6096) (thickness 0.127)))
    )
    (fp_text value WS2812B (at 0 3.302 270) (layer F.SilkS)
      (effects (font (size 0.6096 0.6096) (thickness 0.127)))
    )
    (fp_line (start 1.79832 3.20294) (end 1.79832 3.20294) (layer F.SilkS) (width 0.2032))
    (fp_circle (center -1.27 -1.905) (end -1.27 -2.1082) (layer Dwgs.User) (width 0))
    (fp_circle (center -2.8575 -2.8575) (end -2.8575 -3.0607) (layer F.SilkS) (width 0))
    (fp_line (start -2.54 0) (end 0 -2.54) (layer F.SilkS) (width 0.2032))
    (fp_line (start -2.54 0) (end -2.54 -0.8636) (layer F.SilkS) (width 0.2032))
    (fp_line (start -2.54 0.8636) (end -2.54 0) (layer F.SilkS) (width 0.2032))
    (fp_line (start 2.54 -0.889) (end 2.54 0.8128) (layer F.SilkS) (width 0.2032))
    (fp_line (start -2.50698 -2.59334) (end -2.50698 -2.36728) (layer F.SilkS) (width 0.2032))
    (fp_line (start 2.45618 -2.59334) (end -2.50698 -2.59334) (layer F.SilkS) (width 0.2032))
    (fp_line (start 2.45618 -2.58826) (end 2.45618 -2.59334) (layer F.SilkS) (width 0.2032))
    (fp_line (start 2.50698 -2.58826) (end 2.45618 -2.58826) (layer F.SilkS) (width 0.2032))
    (fp_line (start 2.50698 -2.31902) (end 2.50698 -2.58826) (layer F.SilkS) (width 0.2032))
    (fp_line (start -2.50952 2.61112) (end -2.50952 2.37998) (layer F.SilkS) (width 0.2032))
    (fp_line (start 2.4384 2.61112) (end -2.50952 2.61112) (layer F.SilkS) (width 0.2032))
    (fp_line (start 2.4892 2.35712) (end 2.4892 2.61112) (layer F.SilkS) (width 0.2032))
    (fp_line (start -2.49936 2.49936) (end 2.49936 2.49936) (layer Dwgs.User) (width 0.127))
    (fp_line (start -2.49936 -2.49936) (end -2.49936 2.49936) (layer Dwgs.User) (width 0.127))
    (fp_line (start 2.49936 -2.49936) (end -2.49936 -2.49936) (layer Dwgs.User) (width 0.127))
    (fp_line (start 2.49936 2.49936) (end 2.49936 -2.49936) (layer Dwgs.User) (width 0.127))
    (fp_line (start 2.48666 2.63779) (end 2.43586 2.63779) (layer F.SilkS) (width 0.15))
    (pad 4 smd rect (at -2.57556 1.59766 90) (size 1.651 0.99822) (layers F.Cu F.Paste F.Mask)
      (net 9 "Net-(D6-Pad2)") (solder_mask_margin 0.1016))
    (pad 3 smd rect (at -2.57556 -1.59766 90) (size 1.651 0.99822) (layers F.Cu F.Paste F.Mask)
      (net 1 GND) (solder_mask_margin 0.1016))
    (pad 2 smd rect (at 2.57556 -1.59766 90) (size 1.651 0.99822) (layers F.Cu F.Paste F.Mask)
      (net 11 "Net-(D7-Pad2)") (solder_mask_margin 0.1016))
    (pad 1 smd rect (at 2.57556 1.59766 90) (size 1.651 0.99822) (layers F.Cu F.Paste F.Mask)
      (net 2 VCC) (solder_mask_margin 0.1016))
  )

  (module "Sparkfun LEDs:WS2812B" (layer F.Cu) (tedit 5961BE0E) (tstamp 5B963339)
    (at 69.45 47.04 270)
    (descr WS2812B)
    (tags WS2812B)
    (path /5B9B4255)
    (attr smd)
    (fp_text reference D6 (at 0 -3.175 270) (layer F.SilkS)
      (effects (font (size 0.6096 0.6096) (thickness 0.127)))
    )
    (fp_text value WS2812B (at 0 3.302 270) (layer F.SilkS)
      (effects (font (size 0.6096 0.6096) (thickness 0.127)))
    )
    (fp_line (start 2.48666 2.63779) (end 2.43586 2.63779) (layer F.SilkS) (width 0.15))
    (fp_line (start 2.49936 2.49936) (end 2.49936 -2.49936) (layer Dwgs.User) (width 0.127))
    (fp_line (start 2.49936 -2.49936) (end -2.49936 -2.49936) (layer Dwgs.User) (width 0.127))
    (fp_line (start -2.49936 -2.49936) (end -2.49936 2.49936) (layer Dwgs.User) (width 0.127))
    (fp_line (start -2.49936 2.49936) (end 2.49936 2.49936) (layer Dwgs.User) (width 0.127))
    (fp_line (start 2.4892 2.35712) (end 2.4892 2.61112) (layer F.SilkS) (width 0.2032))
    (fp_line (start 2.4384 2.61112) (end -2.50952 2.61112) (layer F.SilkS) (width 0.2032))
    (fp_line (start -2.50952 2.61112) (end -2.50952 2.37998) (layer F.SilkS) (width 0.2032))
    (fp_line (start 2.50698 -2.31902) (end 2.50698 -2.58826) (layer F.SilkS) (width 0.2032))
    (fp_line (start 2.50698 -2.58826) (end 2.45618 -2.58826) (layer F.SilkS) (width 0.2032))
    (fp_line (start 2.45618 -2.58826) (end 2.45618 -2.59334) (layer F.SilkS) (width 0.2032))
    (fp_line (start 2.45618 -2.59334) (end -2.50698 -2.59334) (layer F.SilkS) (width 0.2032))
    (fp_line (start -2.50698 -2.59334) (end -2.50698 -2.36728) (layer F.SilkS) (width 0.2032))
    (fp_line (start 2.54 -0.889) (end 2.54 0.8128) (layer F.SilkS) (width 0.2032))
    (fp_line (start -2.54 0.8636) (end -2.54 0) (layer F.SilkS) (width 0.2032))
    (fp_line (start -2.54 0) (end -2.54 -0.8636) (layer F.SilkS) (width 0.2032))
    (fp_line (start -2.54 0) (end 0 -2.54) (layer F.SilkS) (width 0.2032))
    (fp_circle (center -2.8575 -2.8575) (end -2.8575 -3.0607) (layer F.SilkS) (width 0))
    (fp_circle (center -1.27 -1.905) (end -1.27 -2.1082) (layer Dwgs.User) (width 0))
    (fp_line (start 1.79832 3.20294) (end 1.79832 3.20294) (layer F.SilkS) (width 0.2032))
    (pad 1 smd rect (at 2.57556 1.59766 90) (size 1.651 0.99822) (layers F.Cu F.Paste F.Mask)
      (net 2 VCC) (solder_mask_margin 0.1016))
    (pad 2 smd rect (at 2.57556 -1.59766 90) (size 1.651 0.99822) (layers F.Cu F.Paste F.Mask)
      (net 9 "Net-(D6-Pad2)") (solder_mask_margin 0.1016))
    (pad 3 smd rect (at -2.57556 -1.59766 90) (size 1.651 0.99822) (layers F.Cu F.Paste F.Mask)
      (net 1 GND) (solder_mask_margin 0.1016))
    (pad 4 smd rect (at -2.57556 1.59766 90) (size 1.651 0.99822) (layers F.Cu F.Paste F.Mask)
      (net 8 "Net-(D5-Pad2)") (solder_mask_margin 0.1016))
  )

  (module "Sparkfun LEDs:WS2812B" (layer F.Cu) (tedit 5961BE0E) (tstamp 5B96331E)
    (at 69.45 38.59 270)
    (descr WS2812B)
    (tags WS2812B)
    (path /5B958053)
    (attr smd)
    (fp_text reference D5 (at 0 -3.175 270) (layer F.SilkS)
      (effects (font (size 0.6096 0.6096) (thickness 0.127)))
    )
    (fp_text value WS2812B (at 0 3.302 270) (layer F.SilkS)
      (effects (font (size 0.6096 0.6096) (thickness 0.127)))
    )
    (fp_line (start 1.79832 3.20294) (end 1.79832 3.20294) (layer F.SilkS) (width 0.2032))
    (fp_circle (center -1.27 -1.905) (end -1.27 -2.1082) (layer Dwgs.User) (width 0))
    (fp_circle (center -2.8575 -2.8575) (end -2.8575 -3.0607) (layer F.SilkS) (width 0))
    (fp_line (start -2.54 0) (end 0 -2.54) (layer F.SilkS) (width 0.2032))
    (fp_line (start -2.54 0) (end -2.54 -0.8636) (layer F.SilkS) (width 0.2032))
    (fp_line (start -2.54 0.8636) (end -2.54 0) (layer F.SilkS) (width 0.2032))
    (fp_line (start 2.54 -0.889) (end 2.54 0.8128) (layer F.SilkS) (width 0.2032))
    (fp_line (start -2.50698 -2.59334) (end -2.50698 -2.36728) (layer F.SilkS) (width 0.2032))
    (fp_line (start 2.45618 -2.59334) (end -2.50698 -2.59334) (layer F.SilkS) (width 0.2032))
    (fp_line (start 2.45618 -2.58826) (end 2.45618 -2.59334) (layer F.SilkS) (width 0.2032))
    (fp_line (start 2.50698 -2.58826) (end 2.45618 -2.58826) (layer F.SilkS) (width 0.2032))
    (fp_line (start 2.50698 -2.31902) (end 2.50698 -2.58826) (layer F.SilkS) (width 0.2032))
    (fp_line (start -2.50952 2.61112) (end -2.50952 2.37998) (layer F.SilkS) (width 0.2032))
    (fp_line (start 2.4384 2.61112) (end -2.50952 2.61112) (layer F.SilkS) (width 0.2032))
    (fp_line (start 2.4892 2.35712) (end 2.4892 2.61112) (layer F.SilkS) (width 0.2032))
    (fp_line (start -2.49936 2.49936) (end 2.49936 2.49936) (layer Dwgs.User) (width 0.127))
    (fp_line (start -2.49936 -2.49936) (end -2.49936 2.49936) (layer Dwgs.User) (width 0.127))
    (fp_line (start 2.49936 -2.49936) (end -2.49936 -2.49936) (layer Dwgs.User) (width 0.127))
    (fp_line (start 2.49936 2.49936) (end 2.49936 -2.49936) (layer Dwgs.User) (width 0.127))
    (fp_line (start 2.48666 2.63779) (end 2.43586 2.63779) (layer F.SilkS) (width 0.15))
    (pad 4 smd rect (at -2.57556 1.59766 90) (size 1.651 0.99822) (layers F.Cu F.Paste F.Mask)
      (net 7 "Net-(D4-Pad2)") (solder_mask_margin 0.1016))
    (pad 3 smd rect (at -2.57556 -1.59766 90) (size 1.651 0.99822) (layers F.Cu F.Paste F.Mask)
      (net 1 GND) (solder_mask_margin 0.1016))
    (pad 2 smd rect (at 2.57556 -1.59766 90) (size 1.651 0.99822) (layers F.Cu F.Paste F.Mask)
      (net 8 "Net-(D5-Pad2)") (solder_mask_margin 0.1016))
    (pad 1 smd rect (at 2.57556 1.59766 90) (size 1.651 0.99822) (layers F.Cu F.Paste F.Mask)
      (net 2 VCC) (solder_mask_margin 0.1016))
  )

  (module "Sparkfun LEDs:WS2812B" (layer F.Cu) (tedit 5961BE0E) (tstamp 5B963303)
    (at 60.7 38.59 270)
    (descr WS2812B)
    (tags WS2812B)
    (path /5B957FB4)
    (attr smd)
    (fp_text reference D4 (at 0 -3.175 270) (layer F.SilkS)
      (effects (font (size 0.6096 0.6096) (thickness 0.127)))
    )
    (fp_text value WS2812B (at 0 3.302 270) (layer F.SilkS)
      (effects (font (size 0.6096 0.6096) (thickness 0.127)))
    )
    (fp_line (start 2.48666 2.63779) (end 2.43586 2.63779) (layer F.SilkS) (width 0.15))
    (fp_line (start 2.49936 2.49936) (end 2.49936 -2.49936) (layer Dwgs.User) (width 0.127))
    (fp_line (start 2.49936 -2.49936) (end -2.49936 -2.49936) (layer Dwgs.User) (width 0.127))
    (fp_line (start -2.49936 -2.49936) (end -2.49936 2.49936) (layer Dwgs.User) (width 0.127))
    (fp_line (start -2.49936 2.49936) (end 2.49936 2.49936) (layer Dwgs.User) (width 0.127))
    (fp_line (start 2.4892 2.35712) (end 2.4892 2.61112) (layer F.SilkS) (width 0.2032))
    (fp_line (start 2.4384 2.61112) (end -2.50952 2.61112) (layer F.SilkS) (width 0.2032))
    (fp_line (start -2.50952 2.61112) (end -2.50952 2.37998) (layer F.SilkS) (width 0.2032))
    (fp_line (start 2.50698 -2.31902) (end 2.50698 -2.58826) (layer F.SilkS) (width 0.2032))
    (fp_line (start 2.50698 -2.58826) (end 2.45618 -2.58826) (layer F.SilkS) (width 0.2032))
    (fp_line (start 2.45618 -2.58826) (end 2.45618 -2.59334) (layer F.SilkS) (width 0.2032))
    (fp_line (start 2.45618 -2.59334) (end -2.50698 -2.59334) (layer F.SilkS) (width 0.2032))
    (fp_line (start -2.50698 -2.59334) (end -2.50698 -2.36728) (layer F.SilkS) (width 0.2032))
    (fp_line (start 2.54 -0.889) (end 2.54 0.8128) (layer F.SilkS) (width 0.2032))
    (fp_line (start -2.54 0.8636) (end -2.54 0) (layer F.SilkS) (width 0.2032))
    (fp_line (start -2.54 0) (end -2.54 -0.8636) (layer F.SilkS) (width 0.2032))
    (fp_line (start -2.54 0) (end 0 -2.54) (layer F.SilkS) (width 0.2032))
    (fp_circle (center -2.8575 -2.8575) (end -2.8575 -3.0607) (layer F.SilkS) (width 0))
    (fp_circle (center -1.27 -1.905) (end -1.27 -2.1082) (layer Dwgs.User) (width 0))
    (fp_line (start 1.79832 3.20294) (end 1.79832 3.20294) (layer F.SilkS) (width 0.2032))
    (pad 1 smd rect (at 2.57556 1.59766 90) (size 1.651 0.99822) (layers F.Cu F.Paste F.Mask)
      (net 2 VCC) (solder_mask_margin 0.1016))
    (pad 2 smd rect (at 2.57556 -1.59766 90) (size 1.651 0.99822) (layers F.Cu F.Paste F.Mask)
      (net 7 "Net-(D4-Pad2)") (solder_mask_margin 0.1016))
    (pad 3 smd rect (at -2.57556 -1.59766 90) (size 1.651 0.99822) (layers F.Cu F.Paste F.Mask)
